0
5.926459750634511
8.350752608600201
10.35312546914434
12.1337686825592
13.771508919286727
15.307159900536437
16.76512624585361
18.16138717229696
19.507084967412844
20.810358130200502
22.077366870816228
23.312908111948307
24.52080409067283
25.70415940714533
26.865536518681427
28.00708012146098
29.130606697918154
30.237670486547106
31.329614437575287
32.40760776135724
33.47267611088482
34.52572500036135
35.56755873953122
36.598895911031356
37.62038114772574
38.632595822800646
39.63606567986613
40.63126877680764
41.618641395468366
42.59858230048622
43.57145766805008
44.53760467065271
45.497333980950444
46.45093349448138
47.398669762493704
48.34079071251468
49.27752749650387
50.20909559855422
51.135696507978835
52.057519277866774
52.974740473827296
53.88752668507874
54.796034639874755
55.70041165165125
56.60079707355916
57.497322579197565
58.39011220717441
59.279284099488365
60.1649504968011
61.04721731324556
61.92618566781349
62.80195163703443
63.67460665410135
64.54423792358253
65.41092866020033
66.2747581123805
67.13580254382136
67.9941341166632
68.8498229341185
69.70293509452449
70.55353473841683
71.4016831510476
72.24743853029312
73.09085782635078
73.93199486773025
74.77090249913938
75.60763081050688
76.44222801202469
77.27474116269903
78.10521495057591
78.93369265359397
79.76021607059572
80.58482594464702
81.40756085206127
82.22845892187182
83.04755619690083
83.86488858421343
84.68048948471187
85.4943920638343
86.3066291518922
87.11723099993097
87.92622801616777
88.73364884935992
89.53952239083725
90.34387545429063
91.14673575158821
91.94812770440181
92.7480778741019
93.5466092021028
94.34374692682194
95.1395132212168
95.93393051696054
96.72702033745404
97.51880487889916
98.3093044557379
99.09853916360805
99.8865285418093
100.6732920207978
101.45884810948179
102.24321546800421
103.0264113292057
103.8084524850366
104.58935681986847
105.36914023550942
106.14781881369139
106.92540884382294
107.70192467746563
108.47738204636372
109.25179526210283
110.02517835936695
110.797546005126
111.56891163421243
112.33928789286729
113.10868843515162
113.87712636923175
114.64461360563088
115.41116166520214
116.17678468910128
116.94149187290748
117.70529676553319
118.46820952184265
119.23024109036308
119.9914024945422
120.7517048819354
121.51115794321106
122.2697714512881
123.02755570420538
123.78452104509283
124.54067603034062
125.29603044504755
126.05059405694142
126.80437538504293
127.55738252107702
128.30962514015815
129.06111213447275
129.81185100621082
130.56184973679294
131.31111708857802
132.0596605891797
132.80748835394468
133.55460794048963
134.3010261925121
135.04675112345498
135.79178921757085
136.53614835549826
137.2798365183533
138.02285787334375
138.76522135559946
139.50693276191188
140.24799939753908
140.9884274159797
141.72822143561507
142.46739101674163
143.20593943652938
143.9438739471493
144.68120068769056
145.4179243140838
146.15405146966984
146.889587040122
147.62453782406675
148.35890830161088
149.0927037920222
149.8259307462453
150.5585928955452
151.29069604718325
152.02224508949038
152.75324564429468
153.48370162165696
154.21361884643653
154.94300209690337
155.67185410537473
156.4001825382407
157.1279902360876
157.8552812772819
158.58206064437542
159.30833303905075
160.034102139114
160.7593732324765
161.48414913334983
162.20843562049083
162.93223495502167
163.65555204233215
164.37839032806582
165.10075558243935
165.8226487511039
166.54407637226728
167.26503942703664
167.985544378327
168.70559374093273
169.42519072320246
170.14433950370517
170.86304316087296
171.581304396039
172.29912918195652
173.0165179084233
173.73347476117553
174.45000422935584
175.16610884572893
175.88179192650722
176.5970556569698
