0
0.6239858172130593
0.7972343933326914
0.9357522319900093
1.0562010454446429
1.164800759683301
1.2647726840859002
1.3580684114242911
1.4459858487053752
1.5294438759038063
1.6091229545588595
1.68554446579757
1.7591188169311502
1.8301761822631828
1.8989869936595019
1.96577615626695
2.0307331787878384
2.0940194856600547
2.155774008765138
2.2161173391658746
2.2751549156920325
2.3329796387374993
2.389673819169022
2.445310837351986
2.4999563889422802
2.553669644662489
2.606504070579313
2.658508171324986
2.7097261455843795
2.7601983978987485
2.809961955442621
2.8590508390102873
2.9074964932956573
2.9553278733589066
3.002571937399151
3.0492536295517834
3.095396213030773
3.1410213459504512
3.1861493090585027
3.2307990480007405
3.2749883630007717
3.318733920221617
3.3620514919151634
3.404955816089444
3.447460914476614
3.4895799596988417
3.5313253545996437
3.5727090269446267
3.613742114068107
3.6544352867706835
3.6947985759536084
3.734841681279565
3.7745736932178984
3.8140033623283336
3.8531389828925042
3.891988509723768
3.9305595445226857
3.9688593347692587
4.006894798956609
4.044672614219743
4.082199175379251
4.119480550658579
4.1565226635854495
4.193331124818757
4.229911386859833
4.266268624174393
4.302407848148912
4.338333941279221
4.374051504566101
4.409565016813012
4.4448788679062075
4.479997192429314
4.514924029897818
4.549663277585576
4.584218666945876
4.6185938457056155
4.652792373285994
4.686817629867435
4.720672870145126
4.754361453934405
4.787886193386625
4.821250328970489
4.854456618578663
4.8875079671653685
4.920407110186531
4.953156644060973
4.98575917401402
5.018217303854217
5.050533278175879
5.082709693529416
5.11474864283394
5.146652445307749
5.178423334742728
5.210063384268173
5.241574659336253
5.272959079831569
5.3042188547642075
5.335355632748584
5.366371432715408
5.397267903367166
5.428047028011909
5.458710317350257
5.489259637612547
5.519696581337183
5.550022668666619
5.580239495931785
5.61034865672265
5.640351595450673
5.670249797577122
5.700044673827916
5.729737547576057
5.759329879529608
5.788823017902347
5.818218115907909
5.847516588394449
5.876719689690492
5.905828546998945
5.934844355675244
5.963768423203056
5.992601650207934
6.021345377281491
6.050000627865501
6.078568446664412
6.1070500143684985
6.135446209920936
6.163758084814162
6.191986670524845
6.2201328324881295
6.248197680328629
6.276182148539226
6.3040869875709475
6.331913268345913
6.359661695901058
6.387333237536614
6.414928807582589
6.442449200412141
6.469895170636489
6.497267617092513
6.524567203452569
6.5517948398753205
6.578951227144556
6.6060371581762585
6.633053202613716
6.660000300432235
6.686879044252412
6.713690227032113
6.740434433439854
6.76711241610646
6.7937247448241305
6.820272087200079
6.84675515297578
6.873174515899758
6.899530927037819
6.9258248969118
6.95205695366997
6.978227783472657
7.004337993343567
7.030387885204762
7.056378387816607
7.082309919622085
7.108182909661613
7.133998315404134
7.159756182787231
7.185457166254397
7.211101890978071
7.236690835577027
7.262224346124746
7.287703007171996
7.313127405515783
7.338497893573879
7.363814949201194
7.389079206479623
7.414290754838254
7.4394505057343245
7.4645584876764035
7.489615517667765
7.51462162362364
7.539577369458514
7.5644834990695955
7.589340082370786
7.614147589864091
7.638906353689039
7.663616947232862
7.688279617524957
7.712894898239641
7.737462978809277
7.76198427707105
7.786459406402199
7.810888421074491
7.835271802420282
7.859610000874362
7.883903197632487
7.9081518605588705
7.932356101211119
7.956516675277381
7.980633582511948
8.004707371898448
8.028738073487707
8.052726405559334
8.07667226796337
8.100576333675638
