0
0.2613493948431775
0.3616819489399102
0.4405708396178322
0.508128123388857
0.5683534826649771
0.6233246661237067
0.6742871248473872
0.7220582745253024
0.7672091053363115
0.8101573485635225
0.8512196974243345
0.8906431253260629
0.9286246458562988
0.9653244698598947
1.0008750026753503
1.0353871680208768
1.0689550048860572
1.1016590656353014
1.133568997457643
1.1647455065212056
1.1952418730767922
1.2251052091375683
1.25437735051258
1.2830957166393175
1.31129390351781
1.3390022231303802
1.3662481344773365
1.3930565979029894
1.4194504009032942
1.445450397732664
1.471075746274655
1.4963440798213807
1.521271694072596
1.545873657534741
1.570163956565829
1.5941556215185007
1.6178607383811592
1.6412906630469617
1.6644559722839605
1.6873665771278161
1.7100317820370419
1.7324603599246005
1.7546605426638426
1.776640097009725
1.7984063754664723
1.8199663138962054
1.8413264510747083
1.8624930355553782
1.8834719746758013
1.90426886263022
1.9248890107434695
1.9453375419543686
1.9656192544790938
1.9857387708664687
2.005700493147952
2.0255086074429416
2.045167154745294
2.064679990332848
2.084050760640652
2.10328303167357
2.122380151861149
2.1413454103209504
2.160181874161129
2.17889259852501
2.1974804021794374
2.2159481244497083
2.2342983594500807
2.2525337465009936
2.2706567329055285
2.288669715780286
2.306574974836281
2.3243747493467013
2.3420712389417533
2.359666444077919
2.377162421419175
2.3945610868005685
2.411864317854159
2.4290739909170687
2.4461917722602315
2.4632194343766955
2.480158608236636
2.4970109188060463
2.5137778744298496
2.530461053409437
2.5470618710544874
2.563581746590201
2.580022090171851
2.5963842063198275
2.612669431116733
2.6288790202613352
2.645014241780741
2.6610762650243984
2.6770662358953525
2.692985337285498
2.7088346775031718
2.7246152494113662
2.7403282251697902
2.7559745606795514
2.7715552339668235
2.7870713122700126
2.802523653816201
2.817913228354271
2.833240908367639
2.848507632604945
2.8637142035416145
2.8788615152712262
2.8939503296630336
2.908981465242226
2.9239557593124883
2.938873916974717
2.953736744637474
2.968544858831889
2.9832991649097598
2.998000204169127
3.0126487663586454
3.0272454347702706
3.0417909054548216
3.056285876524524
3.0707308893170797
3.0851265606476157
3.099473530312754
3.1137724332281422
3.1280237686864742
3.142228184847201
3.156386164442701
3.1704982780324844
3.1845650842302193
3.1985870632497457
3.2125647894000005
3.226498758561768
3.2403893775011525
3.254237229099921
3.2680427355942805
3.281806384506528
3.2955286765227743
3.3092100476922655
3.3228508255280977
3.336451597734883
3.350012693156852
3.3635346400270505
3.3770176727983205
3.3904624101431575
3.4038691114879627
3.41723821712724
3.430569972552023
3.4438649834288886
3.4571235311297013
3.4703458554846924
3.483532524423282
3.496683655950158
3.5097998911078285
3.522881303695039
3.535928358870299
3.548941413753878
3.561920739729756
3.5748666188182976
3.5877793441507184
3.600659416083228
3.613506954221126
3.626322415306854
3.639105867662762
3.651857823326148
3.6645783972853683
3.6772679972532876
3.6899268899317
3.7025553334390224
3.7151534908971837
3.727721707936369
3.7402603544064403
3.752769611069256
3.765249665382911
3.7777007995660257
3.790123333932656
3.802517361908077
3.8148832661880525
3.8272212740642932
3.8395315752355166
3.851814413500217
3.8640699256217297
3.8762985534487657
4.384460936709883
4.740090783494424
5.030975044556772
5.28702662563805
5.520791993297179
5.738702889074652
5.94453632855463
6.140730239468593
6.328968341718008
6.510474065159902
6.686172663814549
6.856784536097883
7.022885610957871
7.184945153733988
7.343352884118288
7.498435655788055
7.650473405526959
7.799705429465821
7.946341081337515
8.090563070788688
