0
5.034818971422711
7.115312247189713
8.826152333516843
10.342630460107964
11.733817676514583
13.035484773179142
14.26902357131273
15.44844184034893
16.58350798552852
17.681357410207315
18.747391463882725
19.785816358213637
20.799983929184286
21.79261670442191
22.765962141255436
23.721901169357352
24.662026930098254
25.587703022252676
26.500107257622233
27.40026528636478
28.289076834501945
29.167336610576328
30.03575017415442
30.894947861799412
31.74549533071362
32.58790250390749
33.42263108230726
34.25010074954997
35.07069394069672
35.884760717739056
36.69262229319493
37.49457472175707
38.290890699541734
39.08182285892171
39.867605306533974
40.64845582673408
41.42457701877861
42.196157946206654
42.96337554436849
43.72639572715706
44.48537368983682
45.24045572577148
45.99177902316844
46.73947350323122
47.483660986043155
48.22445735600612
48.961971666495614
49.69630757414732
50.4275632342961
51.15583200309712
51.88120260148738
52.603759443203934
53.32358243536854
54.040748637162906
54.75533094756213
55.46739902292822
56.177019700290714
56.88425664743318
57.58917113417426
58.291821213770696
58.992263455755875
59.69055115662789
60.38673600642049
61.08086773193465
61.77299409083948
62.46316091574853
63.15141268566563
63.83779138762373
64.52233814808424
65.2050924572807
65.88609256019292
66.56537518019934
67.24297547229163
67.91892840575399
68.59326618341954
69.2660215372556
69.93722547137256
70.60690768331312
71.27509686318642
71.94182203549305
72.60710979595348
73.27098663553123
73.93347837325089
74.59460949745188
75.25440450751032
75.91288637100271
76.57007803199659
77.22600207774562
77.88067905575798
78.53413049924222
79.18637656293026
79.83743698195501
80.48733063643004
81.13607645131371
81.78369282625471
82.43019704560558
83.0756071892202
83.71993884009423
84.36320955272396
85.00543441799697
85.6466294753224
86.28681008332771
86.92599067977375
87.56418594060641
88.2014102268959
88.83767642424642
89.47299883340534
90.10739033082382
90.74086422991249
91.37343241754641
92.0051072776043
92.63590130224954
93.26582532032148
93.89489139609769
94.52311132039377
95.15049508346323
95.77705353272846
96.40279777807696
97.02773771492609
97.65188407348364
98.27524534913978
98.8978321903606
99.51965366911818
100.14071931214609
100.76103811286856
101.38061888316942
101.99947065620823
102.61760149785643
103.23502082653673
103.85173573870077
104.46775523992366
105.08308644278264
105.69773756285328
106.3117164010585
106.92502987176948
107.53768662875815
108.14969133023047
108.76105390330311
109.37177971668883
109.98187619066746
110.59134894246516
111.20020574701611
111.8084534144373
112.416097192321
113.0231440102319
113.62959905698486
114.23547018168009
114.84076193620734
115.44548039789397
116.0496311760403
116.65322078743515
117.25625339093608
117.85873498830583
118.46067258003626
119.06206844226449
119.66293003385242
120.26326178895052
120.86306901199083
121.46235589330969
122.0611290465886
122.6593908039803
123.25714773952778
123.8544033925717
124.45116383636702
125.04743121354332
125.6432125005305
126.23851055398309
126.83333104200895
127.42767647711979
128.02155169438186
128.61496177708767
129.20790934846542
129.80039894901245
130.392435427102
130.98402132489375
131.57516154701776
132.16585880099458
132.75611751309708
133.34594221388963
133.9353343708653
135.7588119999707
137.57631021970505
139.38802675157513
141.19415129993965
142.9948651172803
144.79033587998086
146.58072479020475
148.36618210095037
150.14685324498555
151.92287535233504
153.6943787291112
155.46148855618904
157.2243219669593
158.98299410350964
160.73761065858722
162.4882773710028
164.23509194664265
165.9781499166952
167.71754028576416
169.45335441494507
