0
4.4987026719843985
6.3719332092565555
7.907503452728509
9.265556287532773
10.509182484785219
11.671051405478504
12.770698629370475
13.820915909706017
14.830623474714827
15.80633713165442
16.752989318750068
17.674421056389935
18.573693250023574
19.453292174951834
20.315270300835582
21.161345442080716
21.99297263213666
22.811397177539433
23.617694792787653
24.412802370088798
25.19754175493183
25.97263856738275
26.738737596000032
27.49641444133261
28.246185903569753
28.988517766781193
29.723831757899738
30.452511268232556
31.17490568089542
31.891335004675348
32.60209255191001
33.307448701094124
34.00765269743585
34.70293534217979
35.39351064221998
36.07957744733888
36.76132080478045
37.4389136560554
38.112517709275544
38.7822845015786
39.44835570060863
40.11086506815182
40.76993825924481
41.42569329755364
42.0782423180101
42.72769070707242
43.37413813259575
44.01767958711918
44.658404865159646
45.29639898395085
45.93174314443802
46.56451442534865
47.19478612670635
47.822628265059635
48.44810782725545
49.07128820703034
49.69223057330074
50.310993333224424
50.92763154415472
51.54219969523632
52.15474827503355
52.765326940517305
53.37398267662537
53.980760900312866
54.585705211129564
55.18885757043786
55.79025808676097
56.389946003866605
56.98795860846375
57.584331726150374
58.17910066729746
58.772298690651404
59.36395829128307
59.95411061925713
60.5427864628074
61.13001485749729
61.71582362407024
62.300240559836645
62.88329248008564
63.465004833509134
64.04540277291693
64.62451017342482
65.20235022195912
65.77894647103092
66.35432035515838
66.92849337529506
67.50148625001506
68.0733195962797
68.64401240704373
69.2135839460349
69.78205317157655
70.34943769716509
70.91575539534088
71.48102284520013
72.04525698006299
72.60847399315149
73.17068991524407
73.73191978884024
74.29217889670957
74.85148114659893
75.4098414781283
75.9672739434086
76.52379173955228
77.07940770595775
77.63413475648768
78.18798646753652
78.74097415179108
79.29311056980795
79.84440644473459
80.39487479019017
80.94452574168422
81.49337064758032
82.04142010061416
82.5886845225961
83.13517455705723
83.68089944343575
84.22587014990516
84.77009530650905
85.3135853042872
85.85634797616804
86.39839347244128
86.93973037480276
87.48036738224631
88.02031253849593
88.55957468621182
89.09816184618283
89.6360817861567
90.1733427911989
90.70995166721568
91.24591663696414
91.7812456994958
92.31594448702799
92.85002168738758
93.38348312432475
93.91633673653821
94.44858776061335
94.98024446324594
95.51131188639856
96.04179738993376
96.57170662384333
97.10104641202804
97.62982202225218
98.15803940596298
98.68570572996356
99.2128248253798
99.73940332048797
100.26544671904672
100.79095970618248
101.31594884023437
101.8404182499771
102.36437362616525
102.88781977801227
103.41076218246978
103.93320536734208
104.45515457921574
104.97661383704855
105.49758966168558
106.01808402018432
106.53810264286089
107.0576506057545
107.57673163958758
108.09535078230394
108.61351070205376
109.13121792039864
109.64847406148601
110.16528449959834
110.6816536395447
111.19758397527379
111.7130824605438
112.22814960891587
112.74279013586364
113.25700925102906
113.77080803034688
114.28419277242266
114.7971647926284
115.30972860454563
115.82188781230161
116.333644979535
116.84500537839804
117.3559713709901
120.46543046608815
123.54660362252926
126.60174326479427
129.63280683400748
132.6415025975369
135.62933814146837
138.59765687541204
141.54765235794466
144.48040054767065
147.3968709364693
150.29793900061532
153.18440775424634
156.05700608941774
158.91640197526027
161.7632098883819
164.59800116917407
167.42129589146398
170.233583791516
173.035315127055
175.8269142459993
