0
2.918412253518572
4.168102535489958
5.180431986591837
6.068228846633857
6.875807645027522
7.6260842278057375
8.332752157103346
9.004774516278495
9.648400294669557
10.268193655055454
10.867609479026203
11.449338251439565
12.015524049213722
12.56790860526892
13.107929728442102
13.63679106011236
14.155512046426043
14.664965388039573
15.165905006912848
15.65898746944209
16.144788872608295
16.623817991311462
17.096526708426556
17.563318764447693
18.02455653228378
18.48056664816974
18.931644936005426
19.37806019014616
19.8200576787898
20.25786169297649
20.69167826500664
21.12169699412924
21.54809277121448
21.97102766138143
22.39065170718251
22.80710455104625
23.220516263909317
23.631008154418684
24.03869374315303
24.44367922321649
24.84606442503212
25.24594301050758
25.643403290011147
26.038528345565695
26.43139667391909
26.822082519589443
27.210655866879513
27.597183311013175
27.98172801500282
28.364349731305907
28.74510556398496
29.12404944513752
29.5012332045061
29.876705910689466
30.250514554092895
30.622703899338358
30.99331656339348
31.362393977984688
31.729975032515245
32.09609738488116
32.460797207768316
32.82410901944039
33.18606587998958
33.54669980368617
33.90604147906769
34.26412019625631
34.62096459265289
34.97660168415034
35.33105807128943
35.68435916941995
36.03652916750561
36.387591995257345
36.73757030428981
37.08648635411834
37.43436129001695
37.781215526939874
38.12706953815528
38.47194219532526
38.815852176531855
39.158817486561674
39.500856348253805
39.84198475977889
40.1822199105821
40.521577469306656
40.86007327060544
41.19772183219131
41.53453839689703
41.870536773356854
42.20573079115904
42.54013425766447
42.873759701372386
43.20662031978144
43.53872827546663
43.87009533709515
44.20073376697086
44.53065437317764
44.85986845846041
45.18838717848049
45.51622060581742
45.8433794650884
46.169873166140825
46.495712076318675
46.82090579770659
47.14546340360128
47.46939386888963
47.79270664442018
48.11540923897469
48.43751133746366
48.75902047984865
49.07994523747369
49.40029349031116
49.72007246589085
50.03929030750245
50.35795398838398
50.67607111649105
50.99364831101296
51.310692543137655
51.62721103523489
51.943210025258416
52.2586964367095
52.57367579250676
52.88815533573816
53.202140478063534
53.515637620741884
53.82865210920509
54.141190051277306
54.453257004331654
54.76485863933179
55.07600014140379
55.386687175109145
55.69692429318469
56.0067169178291
56.3160706276877
56.62498961512182
56.933479060055745
57.2415435648848
57.54918750003138
57.85641615724575
58.163233501311964
58.46964384218024
58.775652208468706
59.08126182235407
59.386477897389064
59.69130386621186
59.99574359421088
60.29980174735131
60.60348224876866
60.906787778229976
61.20972287277962
61.512291481308814
61.814497134748166
62.11634323992421
62.41783341378056
62.71897116347102
63.01975940281479
63.32020239716692
63.62030275023331
63.92006310284182
64.21948820229555
64.51858038785112
64.81734269681817
65.11577844428436
65.41389048802833
65.71168143064257
66.00915492543774
66.30631347412016
66.60315921098145
66.89969666046711
67.19592712810926
67.49185367885951
67.78747868539718
68.08280549848908
68.37783575864977
68.67257275934077
68.96701907590555
69.26117685960952
69.55504855011534
69.84863649915785
70.14194367990069
70.43497197222207
74.08340556363393
77.63809938474672
81.11502248526786
84.52587151311758
87.87954964886266
91.18304074278751
94.441956629311
97.6608995538426
100.84369957570469
103.99359296165012
107.11334321249032
110.20533432204329
113.2716439399885
116.31409405148764
119.33429330132228
122.33367542538093
125.31352595743975
128.2749932421206
131.21911974087794
134.14684874491866
