0
5.598841573082544
7.896786965499263
9.791927127720268
11.475322903631913
13.02223513156983
14.471636891292327
15.846834019559854
17.16308714015733
18.431037950932158
19.658459533307745
20.851235781729617
22.013948438149278
23.15024855781361
24.26310159181295
25.354955405291676
26.42785869762746
27.483546517327902
28.52350396813242
29.54901383138686
30.56119285260055
31.561021060481043
32.5493636600894
33.526989149066395
34.49458385166336
35.45276350203345
36.40208358721056
37.343046827505496
38.276109820085416
39.20168934454541
40.120166476506974
41.03189077076759
41.93718446692366
42.83634459095638
43.729646194383754
44.61734415683703
45.49967552322761
46.376860856954025
47.24910601469717
48.11660357497423
48.97953373782081
49.83806599069565
50.69235915081542
51.54256296300175
52.388818206780236
53.23125848843911
54.07000903933015
54.90518909839619
55.736911347245
56.56528258163143
57.39040453735006
58.212373511310986
59.031281010924296
59.84721471894023
60.660258162605565
61.47049037690458
62.27798776909646
63.08282289345819
63.88506482505587
64.6847803311842
65.4820327295228
66.27688341335701
67.06939085594395
67.8596109810166
68.64759798649999
69.43340362196655
70.2170777957729
70.99866913541594
71.77822275576736
72.5557841865176
73.33139596804425
74.10509925750593
74.87693431022535
75.64693992341599
76.41515328528924
77.18161043257635
77.94634638180459
78.70939418497419
79.470787866467
80.23055753820704
80.98873457799635
81.74534878353995
82.50042825704405
83.2540014363053
84.00609456329951
84.75673516134974
85.50594766984761
86.25375710452637
87.00018759353196
87.74526194134185
88.48900397240499
89.23143505955385
89.97257600518584
90.71244885159015
91.45107363536549
92.18846927655137
92.92465656035279
93.65965301011163
94.39347752700856
95.12614768402229
95.85768068731353
96.58809401702958
97.31740358161075
98.04562546981252
98.77277554210455
99.49886984476494
100.22392273540889
100.94794927540762
101.67096324577093
102.3929793622812
103.11401027061063
103.83407077385903
104.5531725087118
105.2713292734177
105.98855217903757
106.70485476408021
107.42024876073286
108.13474545568805
108.84835620312225
109.56109249093251
110.27296571579095
110.9839860030811
111.69416382443895
112.40351000724749
113.11203414670614
113.81974637918421
114.52665581051787
115.23277325299439
115.93810652635949
116.64266623726813
117.34645964078851
118.04949654732577
118.75178605100582
119.45333605270768
120.15415474277673
120.85425007222409
121.55363015906488
122.25230308417869
122.95027694306276
123.64755823693136
124.34415528167207
125.04007575349543
125.73532520690935
126.42991206841829
127.1238427351423
127.81712431913793
128.50976336036817
129.2017661547356
129.8931389424952
130.58388917650626
131.27402176831876
131.9635446902904
132.65246202274432
133.3407797219449
134.02850592109385
134.71564441244504
135.40220148841428
136.08818053751
136.77359092564927
137.4584352629773
138.1427191416018
138.82644898291053
139.5096290398365
140.19226515928878
140.87436143762366
141.55592387386932
142.23695605165105
142.9174631777395
143.59745062590088
144.27692217667516
144.95588238441326
145.63433646353667
146.31228859466023
146.98974306508813
147.66670349872211
148.34317518670355
149.01916182072594
149.69466696253534
150.36969578872572
151.04425168523164
151.71833870583993
152.90518254016013
154.0903223490176
155.2737830054556
156.45559278869453
157.63577719765667
158.81436274285278
159.99137396429683
161.1668354683
162.34077164788712
163.51320523460467
164.6841593519435
165.85365540429052
167.0217155803355
168.18835932529853
169.35360819969657
170.51748337294254
171.68000240122635
172.84118380991478
174.00104910838274
175.15961238034913
