0
5.302965907347502
7.486863667416409
9.285298795739374
10.881072694970173
12.346209088053461
13.718007429278996
15.018773575166723
16.263113777040004
17.46121368161943
18.620513359799386
19.74664478327318
20.8439936314532
21.91605476752197
22.9656668181624
23.995173032923933
25.00653450843956
26.001412324506884
26.981228146352816
27.9472097515616
28.900426659846605
29.841816863714957
30.772208638306562
31.692337793851802
32.602861320270634
33.504369053041124
34.397392535806866
35.28241300846535
36.159867803610155
37.03015577279254
37.893641973301186
38.750661338639105
39.60152218496695
40.44650873398078
41.285884401542674
42.11989317750456
42.94876213216793
43.77270243566576
44.59191129537526
45.40657327962393
46.21686098501248
47.02293641184729
47.82495160124173
48.62305003341293
49.417366464186394
50.20802851238322
50.99515671034414
51.778865087141234
52.55926114599138
53.33644782078202
54.11052207645537
54.881576131172174
55.64969819741565
56.41497204131544
57.177476886223836
57.937289603051745
58.694482452155135
59.44912493264841
60.20128318751381
60.9510214403802
61.698400507018185
62.44347883140006
63.1863121911788
63.926954884020624
64.66545819804921
65.40187222598739
66.13624425626814
66.86862098111834
67.59904595604304
68.32756236587524
69.05421148359734
69.77903254575175
70.5020637810225
71.22334264952867
71.94290473099066
72.66078447997474
73.37701503870879
74.09162913706068
74.80465767770687
75.51613067379708
76.22607781410179
76.93452743212545
77.64150740702719
78.34703961248206
79.05115912888678
79.7538861484344
80.45524502375822
81.15526011565797
81.85395397789468
82.55134916349502
83.24746709388752
83.9423295190878
84.6359562834867
85.32836774219211
86.01958381889565
86.70962223511798
87.39850309599817
88.08624292190555
88.7728598648361
89.45837109405865
90.14279339307257
90.82614251227412
91.50843394855784
92.18968445405035
92.86990824741794
93.5491201300574
94.22733430037788
94.90456520125124
95.58082626059894
96.25613091918584
96.93049190387191
97.60392299631542
98.27643583090561
98.94804187638245
99.6187544401743
100.28858460437183
100.95754440042563
101.62564483280244
102.2928957876805
102.95930993028028
103.62489700901673
104.28966586039233
104.95362837315717
105.6167934696274
106.27917127538392
106.94077105747625
107.60160269368704
108.26167434638116
108.92099549370512
109.57957465878631
110.23742007921305
110.89454137848676
111.55094511319962
112.20664151308391
112.86163641306122
113.51593892745416
114.16955630727539
114.82249551784793
115.4747658192398
116.12637181012603
116.77732248283543
117.4276238289698
118.07728359571419
118.72630858689587
119.37470394103
120.022477034972
120.66963584381848
121.31618498502428
121.96212984771026
122.60747870144318
123.25223586409095
123.89640777267088
124.5400002082008
125.18301937375979
125.82546965520454
126.46735775760831
127.10868763435258
127.7494663296126
128.38969909170632
129.02938914688303
129.66854383717512
130.30716658746746
130.9452633523973
131.58283735572425
132.2198943610872
132.85644043449017
133.4924788915331
134.1280138837
134.76305086889408
135.39759375823567
136.03164610771503
136.66521439694557
137.2983008929951
137.93090993156778
138.56304640633132
139.19471393413139
139.82591747207883
140.45665905787644
141.08694392143104
141.71677620395354
142.3461581895151
144.14550795711511
145.93964555073984
147.7287283106834
149.5129102896074
151.29233303533962
153.06713160510108
154.83743807796225
156.6033730888912
158.3650566201866
160.12260176205763
161.87611164549568
163.62569448230965
165.37144590291933
167.11345958251454
168.85182624363443
170.58663278969956
172.31796257090488
174.04589522449294
175.77050778585865
177.49187281930907
