0
6.273066243971459
8.718290171479802
10.735064929690546
12.525492405504242
14.171850288309226
15.712899091423848
17.167812986694056
18.55873901269669
19.912381780998242
21.199210762190493
22.474129958285605
23.68585266202865
24.897575365771697
26.069600030537362
27.20838352530072
28.34716702006408
29.48586907565753
30.553758196634075
31.621647317610623
32.68953643858717
33.757425559563714
34.82189635661761
35.820823769015284
36.819751181412954
37.818678593810624
38.8176060062083
39.81653341860598
40.81546083100364
41.81438824340132
42.755548959467994
43.68734416395467
44.619139368441346
45.55093457292802
46.4827297774147
47.41452498190137
48.34632018638804
49.27811539087472
50.20991059536139
51.14170579984807
52.073501004334744
52.94633438989824
53.812731802500736
54.67912921510324
55.54552662770574
56.411924040308236
57.27832145291074
58.144718865513234
59.011116278115736
59.87751369071823
60.743911103320734
61.610308515923236
62.47670592852573
63.343103341128234
64.20950075373074
65.07589816633323
65.94229557893574
66.80869299153824
67.66978916062158
68.4724353802003
69.27508159977901
70.07772781935773
70.88037403893645
71.68302025851516
72.48566647809388
73.2883126976726
74.09095891725131
74.89360513683003
75.69625135640875
76.49889757598746
77.30154379556618
78.1041900151449
78.90683623472361
79.70948245430233
80.51212867388105
81.31477489345976
82.11742111303847
82.9200673326172
83.72271355219591
84.52535977177463
85.32800599135334
86.13065221093206
86.93329843051077
87.7359446500895
88.53859086966821
89.34123708924692
90.14388330882564
90.94652952840435
91.74917574798307
92.55182196756179
93.32980263528657
94.07026299676335
94.81072335824012
95.5511837197169
96.29164408119365
97.03210444267043
97.77256480414721
98.51302516562399
99.25348552710074
99.99394588857751
100.73440625005429
101.47486661153107
102.21532697300785
102.9557873344846
103.69624769596138
104.43670805743815
105.17716841891493
105.91762878039168
106.65808914186846
107.39854950334524
108.13900986482201
108.87947022629876
109.61993058777554
110.36039094925232
111.1008513107291
111.84131167220585
112.58177203368263
113.3222323951594
114.06269275663618
114.80315311811293
115.54361347958971
116.28407384106649
117.02453420254326
117.76499456402004
118.50545492549679
119.24591528697357
119.98637564845035
120.72683600992713
121.46729637140388
122.20775673288065
122.94821709435743
123.68867745583421
124.42913781731096
125.16959817878774
125.91005854026452
126.6505189017413
127.39097926321804
128.13143962469482
128.8718999861716
129.61236034764838
130.35282070912515
131.0932810706019
131.83374143207868
132.57420179355546
133.31466215503224
134.055122516509
134.79558287798577
135.53604323946254
136.27650360093932
137.01696396241607
137.75742432389285
138.49788468536963
139.2383450468464
139.97880540832315
140.71926576979993
141.39903048592944
142.0787949819706
142.75855947801176
143.43832397405293
144.11808847009408
144.79785296613525
145.47761746217643
146.15738195821757
146.83714645425874
147.51691095029992
148.19667544634106
148.87643994238223
149.5562044384234
150.23596893446458
150.91573343050572
151.5954979265469
152.27526242258807
152.95502691862922
153.6347914146704
154.31455591071156
154.9943204067527
155.67408490279388
156.35384939883505
157.0336138948762
157.71337839091737
158.39314288695854
159.59281404783908
160.79248520871963
161.9921563696002
163.19182753048074
164.3914986913613
165.59116985224185
166.79084101312242
167.99051217400296
169.1901833348835
170.38985449576407
171.5895256566446
172.78919681752515
173.98886797840572
175.18853913928626
176.38821030016683
177.58788146104737
178.78755262192792
179.98722378280848
181.18689494368903
182.38656610456957
