0
0.42715138909167016
0.47967279099043203
0.5321941928891939
0.5847155947879559
0.6372369966867177
0.6897583985854797
0.7390245223645365
0.787888021062833
0.8367515197611293
0.882948310676151
0.9273883229210236
0.9705880238119438
1.011315576984548
1.0514974190410256
1.089593620755066
1.1276898224691065
1.1634091106697397
1.1989080706963182
1.2342560463679322
1.2671907188595375
1.3001253913511428
1.3330600638427483
1.3648742915300522
1.3952765664682203
1.4256788414063881
1.4560811163445564
1.4864833912827242
1.5149393203870574
1.5428400958934254
1.5707408713997932
1.5986416469061613
1.6265424224125293
1.6544431979188972
1.6816505444699112
1.706834249853907
1.7320179552379034
1.7572016606218992
1.7823853660058955
1.8074135354284862
1.8321665195380654
1.8566517130385651
1.8808767896386753
1.904849717320884
1.9285787746071061
1.9520725678969995
1.9753400499617846
1.99839053968503
2.021233743147606
2.0438797761755305
2.0663391884377567
2.0885988119794394
2.1106407800583877
2.132518912826271
2.1542452231330023
2.1757801860064747
2.1971262387794592
2.2183464524968013
2.2393996990389358
2.2602673940233844
2.28103771194005
2.301610347550753
2.322058519416906
2.3423912621722263
2.3625337076591566
2.3826268316195063
2.402480765313529
2.422303323094687
2.4419180286311346
2.4614888348584505
2.4808647392683434
2.500203732404815
2.5193411067527482
2.538469261653773
2.5573683762652135
2.576267490876654
2.5949689020223943
2.6136300264873946
2.6321662269726738
2.6505896301496246
2.6689851693949596
2.6871711194143275
2.7053570694336955
2.723400681379608
2.741349445647677
2.759298209915747
2.777017820495043
2.7947296656974765
2.8123914365813794
2.8298666286870184
2.8473418207926575
2.864740047029406
2.881978851293861
2.899217655558316
2.9163853896815857
2.9333880706507625
2.9503907516199384
2.9673630308323435
2.984129852345829
3.000896673859314
3.0176634953727994
3.034241905623126
3.050773130818125
3.067304356013125
3.083764259350545
3.100060150665131
3.116356041979717
3.1326519332943032
3.1488002747183823
3.164861093894694
3.180921913071005
3.1969827322473168
3.2128647787076603
3.2286907867958967
3.2445167948841327
3.2603428029723687
3.2760067819447842
3.2915982393062504
3.3071896966677166
3.3227811540291823
3.3382785131226838
3.353635679433281
3.368992845743878
3.3843500120544747
3.399707178365072
3.4148588404191798
3.4299819746727764
3.445105108926373
3.46022824317997
3.475327278989925
3.490216639501604
3.505106000013283
3.5199953605249616
3.534884721036641
3.549760573109776
3.564416417519115
3.5790722619284536
3.593728106337792
3.6083839507471303
3.6230397951564695
3.6375272487705623
3.651949834044969
3.666372419319376
3.680795004593783
3.6952175898681894
3.709623212670005
3.723812795108036
3.738002377546068
3.752191959984099
3.7663815424221303
3.7805711248601614
3.794740717966166
3.808697553200649
3.8226543884351316
3.8366112236696144
3.850568058904097
3.86452489413858
3.8784817293730636
3.892267902685741
3.905992245686853
3.919716588687965
3.9334409316890775
3.9471652746901893
3.960889617691301
3.974613960692414
3.9881089803629277
4.0016010854417665
4.015093190520606
4.028585295599445
4.042077400678284
4.0555695057571235
4.069061610835963
4.082365085578972
4.0956252063901655
4.108885327201359
4.122145448012554
4.135405568823748
4.148665689634941
4.161925810446136
4.175145468006023
4.188173857551271
5.181890141223593
5.554931646563111
5.854991475745804
6.123754004692139
6.363990174834595
6.592865467750331
6.808970363425648
7.0151041801541885
7.211705094007048
7.407320523840126
7.587455611392173
7.76759069894422
7.947594605134398
8.113577781007276
8.279560956880156
8.445544132753035
8.608512460351275
8.762136432127328
8.915760403903379
9.06938437567943
