0
5.629801293988206
7.845050788369647
9.667110595295902
11.281831756287735
12.762340545353233
14.143223950931773
15.45243207899104
16.706355553766556
17.912251638470362
19.06686251769458
20.209063536692714
21.29202127184293
22.372112965307505
23.41803119337519
24.43752054882255
25.457009904269913
26.452089130683973
27.41241019108595
28.37273125148793
29.333052311889908
30.28465548982198
31.187174607477488
32.089693725133
32.99221284278851
33.89473196044402
34.797251078099535
35.6880494852198
36.53407008526984
37.38009068531987
38.22611128536991
39.07213188541994
39.91815248546998
40.76417308552002
41.61019368557006
42.45621428562009
43.26930152663941
44.060068435021954
44.8508353434045
45.64160225178704
46.43236916016959
47.22313606855214
48.01390297693468
48.804669885317224
49.595436793699776
50.38620370208232
51.17697061046486
51.96773751884741
52.75850442722996
53.52250627627403
54.25920966001032
54.99591304374661
55.7326164274829
56.4693198112192
57.20602319495549
57.94272657869178
58.679429962428074
59.416133346164365
60.152836729900656
60.88954011363695
61.62624349737324
62.36294688110953
63.09965026484583
63.83635364858211
64.5730570323184
65.3097604160547
66.046463799791
66.78316718352728
67.51987056726357
68.25657395099987
68.98083577258392
69.66461473469145
70.348393696799
71.03217265890653
71.71595162101409
72.39973058312162
73.08350954522916
73.7672885073367
74.45106746944424
75.13484643155178
75.81862539365933
76.50240435576687
77.18618331787441
77.86996227998195
78.55374124208949
79.23752020419704
79.92129916630458
80.60507812841212
81.28885709051966
81.9726360526272
82.65641501473473
83.34019397684229
84.02397293894983
84.70775190105736
85.3915308631649
86.07530982527244
86.75908878737998
87.44286774948752
88.12664671159507
88.81042567370261
89.49420463581015
90.17798359791769
90.86176256002523
91.54554152213278
92.22932048424032
92.91309944634786
93.5968784084554
94.28065737056293
94.93852355843322
95.57046942376707
96.20241528910094
96.83436115443479
97.46630701976864
98.09825288510248
98.73019875043633
99.3621446157702
99.99409048110405
100.6260363464379
101.25798221177175
101.8899280771056
102.52187394243944
103.15381980777332
103.78576567310716
104.41771153844101
105.04965740377486
105.6816032691087
106.31354913444258
106.94549499977643
107.57744086511028
108.20938673044412
108.84133259577797
109.47327846111182
110.1052243264457
110.73717019177954
111.36911605711339
112.00106192244724
112.63300778778108
113.26495365311496
113.8968995184488
114.52884538378265
115.1607912491165
115.79273711445035
116.4246829797842
117.05662884511807
117.68857471045192
118.32052057578576
118.95246644111961
119.58441230645346
120.2163581717873
120.84830403712118
121.48024990245503
122.11219576778888
122.74414163312272
123.37608749845657
124.00803336379045
124.6399792291243
125.27192509445814
125.90387095979199
126.53581682512583
127.16776269045968
127.79970855579356
128.4316544211274
129.06360028646125
129.6955461517951
130.32749201712895
130.95943788246282
131.59138374779667
132.22332961313052
132.85527547846436
133.4872213437982
134.11916720913206
134.75111307446593
135.38305893979978
136.01500480513363
136.64695067046748
137.27889653580132
137.9108424011352
138.54278826646905
139.1747341318029
139.80667999713674
140.4386258624706
142.43472397001958
144.24042639344023
146.0385336097277
147.83664082601516
149.6347480423026
151.43285525859005
153.2309624748775
155.02906969116495
156.82717690745238
158.62528412373985
160.4233913400273
162.22149855631474
164.0196057726022
165.81771298888967
167.6158202051771
169.41392742146456
171.212034637752
173.01014185403946
174.80824907032692
176.60635628661436
