0
0.9076274172355937
0.9896058190594973
1.0658665837301962
1.138542084817127
1.2088355433970466
1.2774152302783819
1.3445586168809485
1.4102998859348517
1.4750770534039321
1.5389289275672435
1.6018603264338855
1.6638616752495905
1.724919376076945
1.7850210005899854
1.8441576331657412
1.902324691941719
1.9595219764398422
2.0156202808804293
2.07069957726496
2.1248346757598338
2.177898252736371
2.2300313718532325
2.2812924901734135
2.3317017648385474
2.381194691331777
2.429914156951075
2.4778893631463843
2.5251508110195213
2.571730370423951
2.61766136247984
2.662978655680448
2.7077187760651964
2.751834710974608
2.795368111801706
2.8384062183323344
2.880991246161946
2.9231135540851056
2.9646318861530077
3.005791625278362
3.046600851473275
3.0867995369682455
3.1267444976491077
3.1662527540689736
3.20535338205477
3.2442155371957644
3.2825364613460226
3.3207553614031187
3.3583648128412023
3.395943251171574
3.432913427946296
3.4698541480600538
3.506261618689949
3.5425673169271863
3.5784934678515867
3.6141667957904033
3.6496983288488667
3.6847418954790383
3.71978546210921
3.75438775629523
3.7888041299865045
3.823205970851675
3.856997681154907
3.890789391458141
3.9244748205518762
3.957644359840912
3.9908138991299476
4.023902013096985
4.056451838077435
4.089001663057885
4.121551488038334
4.153552841628393
4.185485374730907
4.21741790783342
4.2490897804494026
4.280407411108539
4.311725041767675
4.343042672426811
4.373920972690149
4.404626058541869
4.435331144393588
4.466036230245306
4.496286242293976
4.526381110282713
4.556475978271449
4.5865708462601855
4.616371410893143
4.645858358305852
4.6753453057185625
4.704832253131273
4.7343192005439825
4.763258745652548
4.792140041083238
4.821021336513928
4.849902631944618
4.8787839273753075
4.907078183010388
4.9353560672730525
4.963633951535717
4.991911835798381
5.020189720061045
5.048073720994997
5.075750407967028
5.10342709493906
5.131103781911091
5.158780468883123
5.186457155855154
5.213588796673938
5.240666474100013
5.267744151526085
5.29482182895216
5.321899506378233
5.348977183804307
5.375642531512898
5.40212336175785
5.428604192002801
5.455085022247753
5.481565852492706
5.508046682737657
5.534527512982609
5.560446142803319
5.586332263572828
5.612218384342336
5.638104505111845
5.663990625881353
5.689876746650861
5.715762867420369
5.7412855409741725
5.766579065985
5.791872590995829
5.817166116006656
5.842459641017485
5.867753166028312
5.893046691039141
5.918340216049969
5.943264097943927
5.967967117570578
5.99267013719723
6.017373156823882
6.042076176450533
6.066779196077186
6.091482215703837
6.116185235330489
6.140888254957141
6.165059187450079
6.1891737693228555
6.213288351195632
6.237402933068409
6.261517514941185
6.285632096813962
6.309746678686738
6.333861260559515
6.357975842432292
6.3818811932546975
6.405409382845546
6.428937572436394
6.452465762027241
6.47599395161809
6.499522141208939
6.523050330799785
6.546578520390634
6.5701067099814825
6.59363489957233
6.617163089163178
6.64017825175997
6.663122072940417
6.686065894120865
6.7090097153013115
6.731953536481758
6.754897357662206
6.777841178842652
6.8007850000231
6.823728821203547
6.846672642383994
6.869616463564442
6.892359696536689
6.91472115209592
6.937082607655151
6.9594440632143835
6.981805518773615
7.004166974332847
7.110513506541761
7.212572398833476
7.312839308398157
7.410157953806892
7.506890677620002
7.59980835135589
7.692726025091777
7.784082234606315
7.872881430430309
7.961680626254302
8.050280659171381
8.135199559391621
8.220118459611863
8.305037359832104
8.389695758810916
8.470937553630748
8.552179348450576
8.633421143270407
8.714662938090235
8.794712399184311
