0
6.648776404667457
9.227128839270009
11.3558914230852
13.250366163233346
14.988057330817762
16.617129715546984
18.16177278422074
19.650490756152156
21.06543698188768
22.448914647474616
23.77928809051087
25.108798950852172
26.35731293810233
27.60582692535248
28.854340912602634
30.03895281836488
31.20815274332167
32.37735266827846
33.54655259323525
34.69105940676983
35.783337712914886
36.87561601905994
37.96789432520499
39.060172631350035
40.15245093749509
41.244729243640144
42.277148622983965
43.294758096988275
44.31236757099258
45.32997704499688
46.34758651900118
47.365195993005486
48.382805467009796
49.4004149410141
50.4180244150184
51.435633889022704
52.39146764870764
53.3365332480458
54.281598847383954
55.22666444672211
56.17173004606027
57.11679564539843
58.06186124473659
59.00692684407475
59.951992443412905
60.89705804275106
61.84212364208923
62.787189241427384
63.73225484076554
64.67732044010371
65.62238603944186
66.56745163878003
67.46636696357211
68.34089636995921
69.21542577634631
70.0899551827334
70.9644845891205
71.8390139955076
72.7135434018947
73.5880728082818
74.46260221466889
75.33713162105599
76.21166102744309
77.08619043383018
77.96071984021728
78.83524924660436
79.70977865299146
80.58430805937856
81.45883746576565
82.33336687215275
83.20789627853985
84.08242568492695
84.95695509131404
85.83148449770114
86.70601390408824
87.58054331047532
88.45507271686242
89.32960212324951
90.20413152963661
91.07866093602371
91.9531903424108
92.7716011080606
93.5774941691055
94.38338723015045
95.18928029119536
95.99517335224027
96.80106641328521
97.60695947433013
98.41285253537504
99.21874559641995
100.02463865746489
100.8305317185098
101.63642477955472
102.44231784059963
103.24821090164457
104.05410396268948
104.8599970237344
105.6658900847793
106.47178314582425
107.27767620686916
108.08356926791407
108.88946232895898
109.69535539000393
110.50124845104884
111.30714151209375
112.11303457313866
112.9189276341836
113.72482069522852
114.53071375627343
115.33660681731837
116.14249987836328
116.9483929394082
117.7542860004531
118.56017906149805
119.36607212254296
120.17196518358787
120.97785824463278
121.78375130567773
122.58964436672264
123.39553742776755
124.20143048881246
125.0073235498574
125.81321661090232
126.61910967194723
127.42500273299214
128.23089579403708
129.036788855082
129.8426819161269
130.64857497717182
131.45446803821676
132.26036109926167
133.06625416030658
133.87214722135153
134.67804028239644
135.48393334344135
136.28982640448626
137.0957194655312
137.90161252657612
138.70750558762103
139.5035414518863
140.24259865083155
140.9816558497768
141.7207130487221
142.45977024766736
143.19882744661263
143.9378846455579
144.67694184450315
145.4159990434484
146.1550562423937
146.89411344133896
147.63317064028422
148.37222783922948
149.11128503817474
149.85034223712003
150.5893994360653
151.32845663501055
152.06751383395581
152.80657103290108
153.54562823184634
154.28468543079163
155.0237426297369
155.76279982868215
156.5018570276274
157.24091422657267
157.97997142551796
158.71902862446322
159.45808582340848
160.19714302235374
160.936200221299
161.67525742024426
162.41431461918955
163.15337181813481
163.89242901708008
164.63148621602534
165.37054341497063
166.1096006139159
166.84865781286115
167.5877150118064
168.32677221075167
169.06582940969696
169.80488660864222
170.54394380758748
171.28300100653274
172.022058205478
172.76111540442326
173.50017260336855
174.23922980231382
174.97828700125908
175.71734420020434
176.4564013991496
177.19545859809486
177.93451579704015
178.6735729959854
179.41263019493067
180.15168739387593
180.8907445928212
181.62980179176648
182.36885899071174
183.107916189657
183.84697338860227
