0
5.936870050309516
8.25979421514354
10.174749991695982
11.872561922152519
13.436854518956283
14.890507974971376
16.273806210731028
17.590180401387443
18.852880459135637
20.09348007930991
21.269735992214102
22.445991905118294
23.56251934315352
24.67154542977209
25.77986641117988
26.82341543166852
27.866964452157152
28.91051347264579
29.94670742356191
30.92644181327273
31.90617620298356
32.88591059269438
33.8656449824052
34.84537937211603
35.78296177766098
36.70046051741266
37.61795925716435
38.53545799691604
39.45295673666772
40.37045547641941
41.287954216171094
42.20545295592279
43.074931663453874
43.931696476744364
44.78846129003485
45.64522610332534
46.50199091661583
47.35875572990631
48.2155205431968
49.07228535648729
49.92905016977778
50.78581498306827
51.64257979635876
52.49934460964925
53.30978348413995
54.10724443993871
54.90470539573747
55.702166351536235
56.49962730733499
57.29708826313375
58.094549218932514
58.89201017473127
59.68947113053003
60.48693208632879
61.28439304212755
62.08185399792631
62.87931495372507
63.67677590952383
64.4742368653226
65.27169782112135
66.06915877692012
66.86661973271887
67.66408068851764
68.44562614846876
69.18514673789709
69.92466732732541
70.66418791675373
71.40370850618206
72.14322909561038
72.8827496850387
73.62227027446703
74.36179086389537
75.10131145332369
75.84083204275201
76.58035263218034
77.31987322160866
78.05939381103698
78.7989144004653
79.53843498989363
80.27795557932195
81.01747616875028
81.7569967581786
82.49651734760693
83.23603793703525
83.97555852646357
84.7150791158919
85.45459970532022
86.19412029474854
86.93364088417687
87.67316147360519
88.41268206303351
89.15220265246184
89.89172324189016
90.63124383131849
91.37076442074681
92.11028501017513
92.84980559960346
93.58932618903178
94.29366305641506
94.97654480342553
95.65942655043602
96.3423082974465
97.02519004445699
97.70807179146746
98.39095353847796
99.07383528548843
99.75671703249893
100.4395987795094
101.1224805265199
101.80536227353036
102.48824402054086
103.17112576755133
103.8540075145618
104.5368892615723
105.21977100858277
105.90265275559327
106.58553450260374
107.26841624961423
107.9512979966247
108.6341797436352
109.31706149064567
109.99994323765617
110.68282498466664
111.36570673167714
112.0485884786876
112.7314702256981
113.41435197270857
114.09723371971907
114.78011546672954
115.46299721374004
116.14587896075051
116.828760707761
117.51164245477148
118.19452420178197
118.87740594879244
119.56028769580294
120.24316944281341
120.92605118982391
121.60893293683438
122.29181468384488
122.97469643085535
123.65757817786584
124.34045992487631
125.02334167188681
125.70622341889728
126.38910516590778
127.07198691291825
127.75486865992875
128.43775040693922
129.1206321539497
129.80351390096018
130.48639564797068
131.16927739498115
131.85215914199165
132.53504088900212
133.21792263601262
133.9008043830231
134.58368613003358
135.26656787704405
135.94944962405455
136.63233137106502
137.31521311807552
137.998094865086
138.6809766120965
139.36385835910696
140.04674010611745
140.72962185312792
141.41250360013842
142.08077853412038
142.70826519053796
143.33575184695553
143.9632385033731
144.5907251597907
145.21821181620828
145.84569847262586
146.47318512904346
147.10067178546103
147.7281584418786
148.35564509829618
148.98313175471378
150.78123897100122
152.57934618728868
154.3774534035761
156.17556061986357
157.97366783615104
159.77177505243847
161.56988226872593
163.36798948501337
165.16609670130083
166.9642039175883
168.76231113387573
170.5604183501632
172.35852556645065
174.1566327827381
175.95473999902555
177.75284721531298
179.55095443160045
181.34906164788788
183.14716886417534
184.94527608046278
