0
1.0421908416636436
1.1378710223650306
1.2226494607892255
1.3027523261021936
1.3797535446116755
1.4545476183149453
1.5272536547682494
1.5983975126216696
1.6683763611060238
1.7372690944368958
1.8048531570218802
1.8713367175062685
1.9368774072267703
2.0014501481370384
2.0650360876131506
2.1276240981695196
2.1892108895361795
2.249800482340021
2.3094034459203563
2.368036106898819
2.425719827184096
2.482480392134786
2.5383295402733794
2.593294170225953
2.6474105451992025
2.7007140000845364
2.753243200076629
2.805039986704803
2.856149306097861
2.906619207525954
2.9563654543209275
3.0054089363141228
3.0539254809906393
3.1019726691612486
3.1492242607291963
3.1960444886328037
3.242477195019282
3.288147403396948
3.333555490149683
3.3783677483007417
3.422785371017412
3.4667956163994567
3.5103119272661134
3.5535253730361287
3.5962345209109636
3.638656208096557
3.6806579230716125
3.722292736147391
3.7636929753278157
3.8045456555925776
3.84539833585734
3.8855324763718526
3.9256076334933576
3.9653783305485852
4.004680452606766
4.043982574664946
4.0827503412735915
4.121283803552954
4.159817265832317
4.197729474616217
4.235498547331932
4.273267620047648
4.3104821493939305
4.347491004523103
4.384499859652276
4.4211864135739365
4.457439130942971
4.4936918483120065
4.529944565681042
4.565534023575139
4.6010345962919255
4.636535169008712
4.671981632568876
4.706733971899137
4.7414863112294
4.776238650559661
4.810990989889923
4.845020596494586
4.8790285362727905
4.913036476050996
4.947044415829201
4.980646985776425
5.013914286373457
5.047181586970488
5.0804488875675196
5.113716188164552
5.146417932918757
5.178948284882375
5.2114786368459916
5.244008988809608
5.276539340773225
5.308635230002679
5.3404322573523455
5.372229284702012
5.404026312051679
5.435823339401345
5.467620366751013
5.498703450529103
5.529770713795091
5.560837977061078
5.591905240327065
5.6229725035930525
5.65403976685904
5.684471761165352
5.714812760170798
5.745153759176243
5.775494758181689
5.805835757187134
5.83617675619258
5.866355854185925
5.895974030602652
5.9255922070193785
5.955210383436106
5.984828559852833
6.0144467362695595
6.044064912686287
6.073683089103015
6.102610686028781
6.131509425759785
6.160408165490789
6.189306905221794
6.218205644952799
6.247104384683802
6.276003124414808
6.304897607846717
6.333080243222652
6.361262878598586
6.38944551397452
6.417628149350454
6.445810784726389
6.473993420102322
6.502176055478256
6.53035869085419
6.558346362488692
6.585816174311991
6.613285986135289
6.6407557979585885
6.668225609781888
6.695695421605186
6.723165233428485
6.7506350452517845
6.778104857075083
6.805574668898382
6.832576574641223
6.859336794092405
6.886097013543585
6.912857232994767
6.9396174524459475
6.9663776718971295
6.99313789134831
7.019898110799491
7.046658330250672
7.073418549701853
7.100148432279718
7.126202242691718
7.152256053103718
7.178309863515719
7.204363673927719
7.2304174843397195
7.256471294751719
7.28252510516372
7.308578915575721
7.334632725987721
7.360686536399721
7.386740346811721
7.412595619182233
7.437946157716943
7.463296696251652
7.488647234786361
7.51399777332107
7.53934831185578
7.564698850390489
7.590049388925198
7.615399927459907
7.640750465994617
7.666101004529326
7.691451543064035
7.716802081598743
7.7420056452990496
7.766656004491673
7.816427187715065
7.866198370938453
7.915969554161845
7.965740737385235
8.015511920608626
8.06501283958268
8.113185150209043
8.161357460835406
8.20952977146177
8.257702082088135
8.305874392714498
8.354046703340863
8.402219013967228
8.448969693343956
8.495567654313925
8.542165615283896
8.588763576253864
8.635361537223835
8.681959498193804
8.728557459163772
