0
3.2253775872404526
4.564506879211516
5.648880701323185
6.598572055308684
7.461621974784364
8.262611674582502
9.017332103408762
9.732684800382685
10.41855834856925
11.078181559792338
11.71528364918415
12.334232469243734
12.939068213986863
13.521602886626475
14.097655041228077
14.655804055559042
15.210026089482778
15.745152568471026
16.280279047459274
16.7998458930324
17.31215831110245
17.8244707291725
18.322354150860228
18.81205707584823
19.301760000836236
19.79146292582424
20.261795967821683
20.729090176714585
21.19638438560749
21.663678594500396
22.128481246242547
22.573563836435273
23.018646426628003
23.463729016820732
23.908811607013458
24.353894197206184
24.798566563735566
25.221631059590255
25.644695555444944
26.067760051299633
26.490824547154322
26.91388904300901
27.3369535388637
27.76001803471839
28.18227158559066
28.583508040740444
28.98474449589023
29.385980951040015
29.7872174061898
30.188453861339582
30.589690316489367
30.990926771639153
31.39216322678894
31.793399681938727
32.19463613708851
32.58907937996322
32.9686744756937
33.34826957142418
33.72786466715466
34.10745976288514
34.48705485861562
34.86664995434611
35.24624505007659
35.625840145807075
36.005435241537555
36.385030337268034
36.764625432998514
37.144220528728994
37.52381562445947
37.90341072018996
38.27323020381268
38.6313673435302
38.98950448324772
39.347641622965234
39.70577876268276
40.063915902400275
40.422053042117795
40.780190181835316
41.138327321552836
41.49646446127036
41.85460160098787
42.2127387407054
42.57087588042291
42.92901302014043
43.28715015985795
43.64528729957547
44.00342443929299
44.361561579010505
44.71969871872803
45.077835858445546
45.435972998163074
45.792757615523755
46.129617015422184
46.46647641532062
46.80333581521906
47.14019521511749
47.47705461501592
47.81391401491436
48.15077341481279
48.487632814711226
48.82449221460966
49.1613516145081
49.49821101440653
49.835070414304965
50.1719298142034
50.50878921410184
50.84564861400027
51.182508013898705
51.51936741379714
51.85622681369558
52.19308621359401
52.529945613492444
52.86680501339088
53.20366441328932
53.54052381318775
53.87738321308618
54.21424261298462
54.55110201288306
54.887961412781486
55.22482081267992
55.56168021257836
55.898539612476796
56.235399012375225
56.57225841227366
56.893887543419055
57.20964631998084
57.52540509654263
57.84116387310441
58.1569226496662
58.472681426227986
58.78844020278977
59.10419897935156
59.419957755913344
59.73571653247513
60.05147530903692
60.3672340855987
60.68299286216049
60.998751638722275
61.31451041528406
61.63026919184585
61.946027968407634
62.26178674496942
62.577545521531206
62.89330429809299
63.209063074654786
63.524821851216565
63.840580627778344
64.15633940434014
64.47209818090194
64.78785695746372
65.10361573402551
65.4193745105873
65.73513328714908
66.05089206371086
66.36665084027265
66.68240961683445
66.99816839339623
67.313927169958
67.6296859465198
67.9454447230816
68.26120349964337
68.57696227620515
68.89272105276694
69.20847982932874
69.52423860589052
69.8399973824523
70.15575615901409
70.47151493557588
70.78727371213766
71.10303248869944
71.41879126526123
71.73455004182303
72.0503088183848
72.36606759494659
72.68182637150838
72.99758514807017
73.30161737600262
73.59644962996278
73.89128188392293
74.18611413788308
77.9588064084761
81.73149867906912
85.50419094966213
89.27688322025516
92.75897384020774
96.10632629323999
99.4536787462722
102.80103119930442
106.14838365233666
109.49573610536888
112.84308855840109
116.19044101143334
119.53779346446555
122.88514591749777
126.12106202519709
129.084885731894
132.0487094385909
135.0125331452878
137.9763568519847
140.9401805586816
