0
1.1227253079496566
1.225454324239368
1.3164924401197426
1.4012404012420274
1.4824070580033397
1.5606344928605183
1.6369255207008635
1.7116774563780348
1.7850682096033073
1.8566183496209294
1.927154423951807
1.9966795829436277
2.0650092612987336
2.132112459477289
2.1982760875425504
2.26347680524361
2.327703137910233
2.390873961723439
2.45297567501915
2.514147213854785
2.5744003173689034
2.6337555623688096
2.692241084865696
2.7498915929524888
2.806595760882443
2.862448262870867
2.917566708506436
2.9720004717187143
3.0257362839938566
3.0785758553144187
3.130855386966535
3.182638218687643
3.2335144201159025
3.2839356797386903
3.333878569664581
3.3830297174696393
3.431922285097416
3.4800246776904418
3.527834763734994
3.575029024406166
3.6218623762879316
3.6681560511117826
3.714124329700669
3.759524624755232
3.804746162385489
3.849259981415087
3.8937738004446842
3.9374945895952846
3.9811285656408764
4.024369098894809
4.067129621045707
4.109890143196605
4.151926630064587
4.1938198662606485
4.235679688985375
4.276711605580454
4.317743522175533
4.358737028185906
4.39891340682329
4.4390897854606735
4.479266164098059
4.5187339748756985
4.558060427157563
4.597386879439428
4.636389581390851
4.674871561697483
4.713353542004116
4.751835522310747
4.789755648972008
4.827398465713709
4.865041282455411
4.902684099197113
4.939772604799967
4.976581430388736
5.013390255977504
5.050199081566274
5.086728046627209
5.122707926296601
5.158687805965992
5.194667685635384
5.230647565304776
5.266089209680315
5.301245069385766
5.336400929091217
5.371556788796667
5.406712648502118
5.44140050275275
5.4757371562273525
5.510073809701955
5.544410463176557
5.57874711665116
5.613046137136203
5.646568292272477
5.680090447408751
5.713612602545024
5.747134757681298
5.780656912817572
5.814158379268515
5.846870643869766
5.879582908471017
5.912295173072267
5.945007437673518
5.9777197022747695
6.01043196687602
6.04278253220587
6.074689419200495
6.1065963061951205
6.138503193189746
6.170410080184371
6.202316967178995
6.23422385417362
6.265932593491659
6.2970385257027
6.3281444579137425
6.359250390124784
6.390356322335826
6.421462254546869
6.45256818675791
6.483674118968953
6.5145093169330925
6.544818631422813
6.575127945912533
6.605437260402254
6.635746574891974
6.666055889381695
6.696365203871415
6.726674518361135
6.756983832850856
6.786791791117983
6.816308743191215
6.845825695264446
6.875342647337677
6.9048595994109085
6.934376551484139
6.963893503557371
6.993410455630602
7.0229274077038335
7.052431454359758
7.081160221211411
7.109888988063064
7.1386177549147165
7.167346521766369
7.196075288618022
7.224804055469675
7.253532822321328
7.282261589172981
7.310990356024633
7.339719122876287
7.368164156241379
7.3961088403609825
7.424053524480586
7.451998208600189
7.479942892719793
7.507887576839396
7.5358322609589985
7.563776945078602
7.591721629198205
7.619666313317809
7.647610997437412
7.675555681557015
7.703097150513913
7.730261782816364
7.757426415118814
7.784591047421263
7.811755679723714
7.838920312026162
7.866084944328613
7.893249576631063
7.920414208933512
7.947578841235964
7.974743473538411
8.001908105840863
8.029072738143313
8.056004146479308
8.082392689212602
8.108781231945896
8.135169774679191
8.161558317412487
8.18794686014578
8.214335402879074
8.240723945612368
8.267112488345663
8.293501031078959
8.319889573812253
8.346278116545546
8.372666659278842
8.399055202012137
8.425443744745431
8.451449033343781
8.477065382770553
8.502681732197326
8.528298081624097
8.553914431050869
8.579530780477642
8.605147129904413
8.630763479331184
8.656379828757958
8.681996178184727
8.7076125276115
8.733228877038272
