0
5.018634799069461
7.014720837179156
8.652908234759037
10.099312973453358
11.42290791688567
12.659552712401043
13.829324718499464
14.942651165862932
16.011675437768133
17.05096107501806
18.050138494906253
19.027027746977858
19.975542365249908
20.91503440114442
21.813899647635594
22.712764894126767
23.598379126480385
24.448567297619697
25.29875546875901
26.148943639898324
26.977971706615666
27.780416497223538
28.58286128783141
29.38530607843928
30.187750869047157
30.97732359994785
31.73292242998214
32.48852126001644
33.24412009005073
33.999718920085016
34.75531775011931
35.510916580153605
36.26282642983018
36.9724425857684
37.68205874170662
38.39167489764484
39.10129105358307
39.8109072095213
40.52052336545952
41.23013952139774
41.93975567733596
42.64937183327418
43.35898798921241
44.03813564303064
44.702600252534346
45.36706486203805
46.03152947154175
46.695994081045455
47.36045869054915
48.024923300052855
48.68938790955656
49.35385251906026
50.018317128563965
50.68278173806767
51.34724634757137
52.01171095707507
52.67617556657877
53.34064017608247
54.00510478558618
54.63087176582925
55.25098562070647
55.8710994755837
56.49121333046092
57.11132718533815
57.73144104021537
58.3515548950926
58.97166874996982
59.59178260484705
60.21189645972427
60.8320103146015
61.45212416947872
62.07223802435595
62.69235187923317
63.3124657341104
63.932579588987615
64.55269344386485
65.17280729874209
65.7929211536193
66.41303500849652
67.03314886337375
67.65326271825099
68.2733765731282
68.89349042800542
69.51360428288265
70.12180406275824
70.69833930555475
71.27487454835125
71.85140979114774
72.42794503394424
73.00448027674074
73.58101551953723
74.15755076233373
74.73408600513022
75.31062124792672
75.88715649072321
76.46369173351971
77.04022697631622
77.61676221911272
78.19329746190921
78.7698327047057
79.3463679475022
79.9229031902987
80.4994384330952
81.07597367589169
81.65250891868818
82.22904416148468
82.80557940428118
83.38211464707767
83.95864988987418
84.53518513267068
85.11172037546717
85.68825561826367
86.26479086106016
86.84132610385666
87.41786134665315
87.99439658944965
88.57093183224615
89.14746707504264
89.72400231783914
90.30053756063563
90.87707280343213
91.45360804622862
92.03014328902512
92.60667853182163
93.18321377461812
93.75974901741462
94.33628426021112
94.91281950300761
95.4893547458041
96.0658899886006
96.60329092360405
97.13699260926228
97.67069429492051
98.20439598057871
98.73809766623694
99.27179935189517
99.80550103755337
100.3392027232116
100.87290440886983
101.40660609452803
101.94030778018626
102.47400946584449
103.00771115150269
103.54141283716092
104.07511452281915
104.60881620847735
105.14251789413558
105.67621957979381
106.20992126545204
106.74362295111024
107.27732463676847
107.8110263224267
108.3447280080849
108.87842969374313
109.41213137940136
109.94583306505956
110.47953475071779
111.01323643637602
111.54693812203422
112.08063980769245
112.61434149335068
113.14804317900888
113.68174486466711
114.21544655032534
114.74914823598354
115.28284992164177
115.8165516073
116.35025329295823
116.88395497861643
117.41765666427466
117.95135834993289
118.48506003559109
119.01876172124932
119.55246340690755
120.08616509256575
120.61986677822398
121.15356846388221
121.68727014954041
122.22097183519864
122.75467352085687
126.10202597388908
129.4493784269213
132.79673087995354
136.14408333298576
139.3404101854578
142.3042338921547
145.2680575988516
148.2318813055485
151.1957050122454
154.1595287189423
157.1233524256392
160.0871761323361
163.050999839033
166.0148235457299
168.97864725242678
171.9424709591237
174.90629466582058
177.87011837251748
180.83394207921438
183.79776578591128
