0
0.5726146896169286
0.7390415666522788
0.8721442416494612
0.9876782804504867
1.0916709108752367
1.1872692300684384
1.2763838341909297
1.3602849623268307
1.4398707242656055
1.5158051090975053
1.58859608812791
1.658642881775233
1.726266142724781
1.7917281964354683
1.855246900469993
1.9170056054409703
1.9771603911647153
2.0358454095555696
2.093177002320423
2.1492568589675005
2.2041744794816673
2.2580091129361826
2.310831356558922
2.362704456593773
2.413685232755414
2.4638250841897333
2.5131706018141773
2.561764226024651
2.6096447195401793
2.6568476139067174
2.7034055635954686
2.749348644825433
2.794704736276749
2.839499551236328
2.8837570652055953
2.927499533040788
2.9707477061033107
3.0135210092625746
3.055837565977544
3.0977144339506926
3.1391675676096478
3.1802120143079526
3.220861950939765
3.261130690249335
3.301030882486872
3.3405744879374297
3.3797727229363574
3.4186363721546202
3.4571755775915736
3.49539996754514
3.5333187823916177
3.5709407341788357
3.608274165147499
3.645327010148671
3.682106908270338
3.71862103029514
3.7548763867255524
3.7908795496622285
3.8266369059807777
3.8621545533280868
3.897438356302142
3.9324938230631363
3.96732646705369
4.001941361146428
4.036343576563345
4.070537829010859
4.104528787181925
4.138320824003379
4.1719182777376265
4.205325287779914
4.238545800443441
4.271583647406787
4.304442593288988
4.337126260680631
4.369638012861818
4.4019812374222616
4.434159355859477
4.466175291794467
4.498032168444689
4.529732932150623
4.5612805183396015
4.592677570548907
4.623926905135041
4.655031084384421
4.68599263489112
4.7168139741512
4.747497557843505
4.7780457559388685
4.808460662444642
4.8387447167332995
4.868899883682177
4.898928164504308
4.928831762502375
4.958612568075148
4.988272530831555
5.017813443661851
5.0472372433443695
5.076545633694305
5.1057403438777245
5.134823046870829
5.163795442888519
5.1926591044190555
5.221415537384752
5.250066413937146
5.2786131289953815
5.307057158390019
5.335399915306393
5.363642852561448
5.391787213785437
5.4198342767373315
5.447785583697333
5.475642224152219
5.503405574525735
5.5310766925345645
5.558656902426697
5.586147235258256
5.613548892673296
5.640863104080159
5.668090767340839
5.695233041693013
5.722290918695524
5.7492656262885635
5.776157808741565
5.802968908155419
5.82969941531914
5.856350613151391
5.882923269266461
5.909418374629595
5.9358367962876875
5.962179350360623
5.988447002662893
6.014640456525585
6.0407606666859905
6.066808519487921
6.092784435355158
6.11868966014828
6.144524644487405
6.170290200661241
6.1959873111788655
6.221616396929554
6.247178205159583
6.2726736515312185
6.2981032422978585
6.32346760605993
6.348767638278352
6.3740037683154105
6.3991767264808725
6.424287297803288
6.44933585499979
6.474323105441275
6.499249616511539
6.524116061530296
6.5489229924277845
6.5736710852061675
6.598360647185886
6.62299238493778
6.647566880496762
6.672084544396412
6.696546143461504
6.720951918680589
6.7453025251589755
6.769598502213514
6.793840286823593
6.81802837689193
6.842163136276058
6.866245350483385
6.890275255933896
6.914253180240811
6.938179908700725
6.96205582935521
6.9858810104129985
7.00965646062025
7.033382123594272
7.057058654546349
7.08068641253255
7.104265899140307
7.127797412534767
7.151281313239792
7.174718054257125
7.1981081938250036
7.244549540057161
7.290770745256349
7.336776549917542
7.382571046126973
7.428158974169776
7.473543768825852
7.518729598126969
7.5637204107654155
7.608519574988659
7.653130673691563
7.697557428797266
7.741802811280449
7.785870242677547
7.829762804174276
7.873483497771193
7.917035108476516
7.960420573280622
8.003642892226589
8.046704395202418
8.089608057152674
