0
0.4921047955697071
0.6465346166954488
0.7697871405021897
0.8763947552626429
0.9720780354934017
1.059842726420949
1.1415127521976993
1.218297789325921
1.2910504775411469
1.3603993174778672
1.4268237308731395
1.4906994789761394
1.5523277150896053
1.6119542557667066
1.669782886680913
1.7259848206508084
1.7807055709598654
1.8340700549541993
1.8861864639562882
1.9371492624867073
1.9870414985052158
2.035936670675615
2.083900178057717
2.1309905383769956
2.1772603491546243
2.222757125142198
2.26752390062505
2.311599872658273
2.3550208109768658
2.3978195000081035
2.4400260576801647
2.48166823162268
2.5227716640942823
2.5633600898256628
2.6034555486357336
2.6430785491510815
2.6822481933220965
2.720982329833094
2.7592976601911765
2.797209834537812
2.8347335632224926
2.8718826708402294
2.908670130818279
2.94510828922954
2.9812086569557232
3.0169822349800457
3.052439411091461
3.087590029069474
3.1224433667942084
3.157008339175731
3.1912933859107535
3.225306507720377
3.259055331232828
3.292547214276578
3.325789054602929
3.358787555223001
3.3915490552741177
3.424079640299451
3.4563851621768666
3.488471128603821
3.5203430084273357
3.5520058691721657
3.5834646985926466
3.614724179463886
3.645788913752045
3.6766632942962807
3.7073515295170574
3.737857768367098
3.768185830510941
3.798339558291083
3.8283225893748534
3.8581384168227273
3.8877905201049647
3.917282148739707
3.946616433318302
3.9757965474467705
4.004825434660342
4.033705975232213
4.062440872810573
4.0910330180416175
4.119484868151953
4.147799029367876
4.175977988074778
4.204024062394124
4.23193966589434
4.259726974076066
4.28738815088458
4.314925483576229
4.342340973495223
4.369636499499818
4.396814151113174
4.423875784570777
4.450823338707537
4.477658488470821
4.50438305958457
4.530998735441601
4.557507228706401
4.58391013564842
4.610208994100617
4.6364054627844515
4.662500872008337
4.688496838681731
4.714394790212804
4.740196069069947
4.765902074375604
4.7915141114561495
4.81703351979331
4.8424615232995425
4.867799383462675
4.893048361067324
4.918209650200368
4.943284332438004
4.968273561614672
4.99317849861463
5.01800018643295
5.042739755227146
5.067398195888733
5.09197651715915
5.11647574524461
5.140896888800885
5.1652408362902875
5.189508512099466
5.2137009417791615
5.237819005941082
5.261863450116535
5.285835231468902
5.309735363023127
5.333564377116693
5.357323257646404
5.381012770731805
5.404633771998254
5.428186794409098
5.4516729773703245
5.475092808017656
5.498446889905064
5.521736304590896
5.544961415703421
5.568123241838356
5.591222273283188
5.614258957134387
5.6372342834313995
5.660148774454998
5.683003122741236
5.705797809261924
5.728533530256015
5.751210872897
5.77383046387713
5.7963929214943795
5.8188986165366705
5.841348324512065
5.863742415623654
5.886081592560951
5.908366318732441
5.930597057505472
5.95277448608334
5.974898914415484
5.996970987931977
6.018991173895042
6.040959905646525
6.062877663785806
6.084744933645921
6.106562152433486
6.1283299313329955
6.150048525495537
6.1717184414114366
6.19334016011265
6.214913940994249
6.23644052116673
6.257920016752512
6.2793527795032
6.3007396848195985
6.322080692734805
6.343376350033368
6.364626929482539
6.385833104895858
6.406994918195945
6.4281128066412885
6.449187333712527
6.470218550102357
6.491207130745062
6.5813297564670945
6.67005296471735
6.757471332444446
6.843669312185408
6.928721400511155
7.012694979207107
7.09565045518615
7.177642529443016
7.258720668774447
7.338930317001405
7.418312689324483
7.496905894927913
7.574744851858063
7.6518616502471275
7.728286180642287
7.804046297112115
7.879167439058307
7.953674074509536
8.027588434201984
8.100931345554867
